13.0 5.615384615384616 
25.0 3.08 
7.0 10.428571428571429 
5.0 15.200000000000001 
26.0 3.0 
17.0 4.411764705882353 
15.0 5.066666666666666 
10.0 7.300000000000001 
3.0 26.333333333333332 
9.0 8.11111111111111 
6.0 12.5 
13.0 5.615384615384616 
8.0 8.875 
28.0 2.714285714285714 
14.0 5.357142857142857 
24.0 3.083333333333333 
27.0 2.814814814814815 
16.0 4.4375 
21.0 3.5238095238095237 
1.0 85.0 
2.0 40.0 
12.0 6.166666666666666 
17.0 4.411764705882353 
20.0 3.75 
4.0 18.0 
18.0 4.055555555555555 
19.0 3.894736842105263 
11.0 6.636363636363637 
9.0 8.11111111111111 
2.0 40.0 
22.0 3.2272727272727275 
10.0 7.300000000000001 
