-1993.0 -2.7653579925488767 
-688.0 -4.171069065310149 
-1993.0 -2.7653579925488767 
-742.0 -4.050286156265301 
-844.0 -4.019984139611596 
-1186.0 -3.8035422264471 
-1106.0 -3.8038237012112583 
-968.0 -3.9351572375819153 
-717.0 -4.108131284455123 
-904.0 -3.9541849931130564 
-895.0 -3.986942224527744 
-1334.0 -3.6273991814223865 
-1028.0 -3.882022692752801 
-861.0 -4.007871485844632 
-1200.0 -3.759482876389744 
-1280.0 -3.6887180293615165 
-1059.0 -3.8657545962061364 
-977.0 -3.8972603906390115 
-1355.0 -3.6021211636769714 
-1308.0 -3.647489787909988 
-1377.0 -3.558702825326998 
-1645.0 -3.224518941324856 
-1362.0 -3.581968767960377 
-689.0 -4.136434460486639 
-1963.0 -2.8088007563935764 
-1095.0 -3.8492020492851164 
-1483.0 -3.4514488751880057 
-1956.0 -2.8475954345820975 
-1831.0 -3.013447475900862 
-1742.0 -3.130770779397136 
-1610.0 -3.2732332406492493 
-1682.0 -3.1860863162601887 
-712.0 -4.130261215783907 
-1098.0 -3.8422234290261414 
-1816.0 -3.0433284801857834 
-1453.0 -3.4845036705099615 
-1890.0 -2.9215651116868258 
-1442.0 -3.5030372279695987 
-1594.0 -3.291775981632336 
-1579.0 -3.314315695748145 
-1550.0 -3.3603206832723975 
-1935.0 -2.868811681055827 
-1800.0 -3.064184392708497 
-1558.0 -3.325079994164308 
-1498.0 -3.4247688955661637 
-1621.0 -3.2602382034597657 
-1385.0 -3.538693224886072 
-1038.0 -3.8737870883844714 
-1661.0 -3.2021943323589905 
-1722.0 -3.1481759228195 
-1856.0 -2.9786465151826107 
-1874.0 -2.9393925434703183 
-1220.0 -3.7524103564748907 
-1988.0 -2.791612426854916 
-975.0 -3.908885051388971 
-1301.0 -3.671719287782741 
-1849.0 -2.991895753598563 
-1511.0 -3.4064047814642446 
-1534.0 -3.3707769104212932 
-1979.0 -2.806434106969752 
-1951.0 -2.8593058414614916 
-1515.0 -3.3893852622926497 
-1699.0 -3.173801920325718 
-1467.0 -3.4741803143682155 
-1222.0 -3.7352829860715158 
-1836.0 -3.003119964865778 
-1749.0 -3.1155593316340977 
-1701.0 -3.1632598658315287 
-1399.0 -3.532192031190219 
-1477.0 -3.4675585437239036 
-1907.0 -2.900730441081454 
-1414.0 -3.5294663699823774 
-1523.0 -3.3755819799386693 
-1925.0 -2.8840631545007853 
-1667.0 -3.198967526040963 
-1592.0 -3.308098184489558 
-1811.0 -3.0477419723462127 
-1718.0 -3.153611470219333 
-1423.0 -3.5071748280834596 
-1921.0 -2.8925815833168986 
-1637.0 -3.2439365745810833 
-1861.0 -2.956252457606552 
-1253.0 -3.714956614373592 
-1761.0 -3.110545303516802 
-1636.0 -3.2507591849583664 
-1763.0 -3.0970943450450363 
-1501.0 -3.4200041314606535 
-1419.0 -3.5146569175570743 
-1302.0 -3.6654906090379633 
-1991.0 -2.771468425632812 
-1230.0 -3.716828076221236 
-1258.0 -3.7129568384802947 
-1788.0 -3.0752138043481763 
-904.0 -3.9541849931130564 
-1228.0 -3.719095896733447 
-1778.0 -3.0898522964217827 
-1258.0 -3.7129568384802947 
-1784.0 -3.076324654808706 
-1872.0 -2.950741397698991 
-1555.0 -3.3398660346238476 
