001110001110000110000111010000 00000 11111 10001 01000 01000 00000 11111 10010 00010 00000 10100 11111 11111 00010 11000 00110 10001 10011 11111 00001 00001 10010 00000 00100 11111 11111 11111 00000 11111 
110001111110111111110111111011 00100 01001 00010 01000 00000 00010 11111 10000 00001 00000 00000 11111 11111 11111 11111 11111 01101 01000 00000 11110 10101 11111 10001 00000 00110 11111 00001 00101 00010 
000000001000000000111001100000 00001 11111 10001 10010 00000 00010 11111 00000 00010 00110 01000 11111 11101 01000 10000 10001 11111 11111 11111 00000 00001 10000 00001 11111 00101 00000 11111 00010 11111 
000000001000001000001000000010 00011 00000 00010 01000 00000 00010 11111 10000 00001 01000 10000 11111 11111 11111 11111 11111 01101 01000 00000 01000 00001 10000 00111 11111 10101 10001 11111 01011 11111 
110011101111111111111111111010 00000 01001 00010 11111 01000 00001 00000 10010 00010 00000 00000 11111 11111 00010 01010 00110 10000 10011 11111 00001 00001 10010 00010 00100 11111 11111 10111 00000 11111 
111001101010000110101111010010 00111 11111 10000 10000 01000 00010 11111 00011 10000 00001 10000 11111 11111 00000 00000 00010 10000 11111 01100 10000 11111 11000 10011 11111 01100 00010 11111 00010 11111 
011000000100010110001111001111 00001 11111 11111 01001 10000 00100 11111 11000 00110 00000 00100 11111 11111 01000 00101 00010 11111 11111 00000 00000 01010 10001 00010 11111 00001 00001 11011 10100 11111 
010110100011000000001000110000 00000 11111 00110 00101 00000 00010 11111 11010 11111 10010 11000 11111 00010 00000 01100 00000 11111 11111 00000 01000 11111 01000 11001 00101 11111 00101 11111 00001 11111 
000000000000000000001000000010 01001 11000 10011 00000 00110 01000 11111 10000 01000 00101 00100 11111 11101 00000 10000 10001 11111 11111 11111 00000 00001 10000 00001 11111 00101 00010 11111 00010 11111 
010110100001000000001000011000 00000 11111 10010 10000 00100 00100 11111 11000 00010 00000 00000 11111 11111 01000 00000 00001 11111 01000 11111 11000 00100 00110 00001 10000 00110 11100 11111 00000 11111 
000000001000000000101001100000 00001 11111 10001 10010 00000 00010 11111 00000 00010 10110 01000 11111 11101 01000 10100 10001 11111 11111 11111 00000 00001 10000 00001 11111 00101 00000 11111 00010 11111 
001001100000010110101101000011 11111 10000 00010 11111 01010 00001 00010 00010 00000 00000 10100 11111 11111 11111 00010 10110 01000 11111 10110 00000 11111 00010 10000 11111 01000 00001 10100 00010 11111 
010001011000000100000010000001 00110 11111 11111 10000 00000 00010 11111 10011 00010 00001 00001 11111 11111 00000 01000 00000 10000 11111 01110 10000 11111 11100 10011 11111 00011 11111 11111 00000 11111 
011101101111111111111111111111 00000 11100 00001 10000 00000 01000 01000 00000 00001 00000 10000 11111 11111 00000 00010 00010 10000 11111 01100 00000 11111 11000 00010 11111 01010 00000 10100 11111 01011 
100101110001100001001001001011 00110 11111 11111 00001 00000 00010 11111 00010 00000 00000 00000 11111 10111 00010 00000 00000 11111 11000 11111 00000 00001 10110 01000 00100 11111 11011 10100 11111 01000 
110100111111111010011111111011 10000 01000 00010 11111 00000 00010 11111 11000 00110 01000 00001 11111 11111 00000 00010 01010 10000 10000 11111 00000 10100 10010 01000 01100 11111 11111 10000 11111 01000 
011111101011111111101111111111 00100 01001 00000 01000 00000 00010 11111 10000 00001 00000 00000 11111 11111 11111 11111 11011 11111 00000 00010 00011 10101 00010 00010 00110 11111 11111 11110 00000 10000 
101000110110110111000111010000 10000 10000 11111 10000 00100 00010 11111 00011 01010 00000 00000 11111 11111 00101 00000 11111 01001 00001 01111 00001 10001 00011 00000 11111 11111 11111 11111 00000 11111 
101111001111101111101001110010 10000 01111 11111 00000 01001 00110 11111 10010 00010 00000 00000 11111 11111 01110 00010 00000 11111 10000 11011 00000 00100 00011 00000 11111 00000 00000 11111 00000 11111 
000000000000000000000000000000 00011 11111 10100 10010 00000 00010 11111 10110 00001 00010 11000 11111 11111 10000 00000 11001 01010 01110 01011 10000 10000 10010 11111 11111 11111 10010 00100 01100 11111 
000000000000000000001000000000 00001 01000 10011 11111 00011 00001 11111 00000 01000 01111 00101 11111 11111 11111 11111 01010 01011 10111 01100 11111 10000 11111 00000 11111 10000 11111 00001 10001 00010 
011011100100000010010010110000 00001 10000 11011 00000 10010 00011 11111 00010 00000 00000 10100 11111 11111 11111 01000 00000 00001 00011 01010 00000 00001 11000 00000 00110 11111 11111 11111 00000 11111 
111000101010001110101111010010 00111 11111 10000 10000 01000 00010 11111 00011 10000 00011 10000 11111 11111 00000 00000 00010 10000 11111 01100 10000 11111 11000 00011 11111 01100 00010 11111 00010 11111 
001001111010011111101111010011 11011 11111 10010 10000 00100 01110 11111 10000 01010 00001 00000 11111 11111 00010 00000 00010 10001 11111 11111 01001 01001 10010 01000 00100 11111 11111 11111 00000 11111 
000000000000000000001000011000 10000 01100 10111 10000 00010 00000 11111 10001 00000 01000 00000 11111 11111 00000 11111 00010 11100 00000 11111 00000 00101 00010 00010 00000 10010 11111 11111 00000 11111 
001000011011110111010110101011 00100 11111 10011 10000 00000 00010 11111 10010 00010 00000 10100 11111 11111 10000 00000 00100 01000 00000 10000 10000 11111 11010 11111 11111 11111 00001 00111 11111 10000 
111101010100111110010110101010 01000 00001 10010 11111 00010 01010 11111 10000 00001 01000 10000 11111 11111 11111 11111 01101 11111 11100 00000 11111 00100 11111 00010 11111 00001 11110 11010 00000 11111 
010010100001000010111010001000 01000 11111 00110 10000 00010 00000 11111 00010 00010 10000 10001 11111 11111 10010 01000 10000 11111 10000 00110 10110 00001 00001 10000 11111 11111 11111 11111 00011 11111 
010011011000000100000010000001 00110 11111 11111 10000 00000 10010 11111 10011 00010 00001 00001 11111 11111 00000 01100 00000 10000 11111 01110 10000 11111 11100 10011 11111 00011 11111 11111 00000 11111 
000000000000000000001000000000 00001 01000 10011 00000 00010 00010 11111 10010 00010 00100 00000 11111 11011 00010 00000 00010 10001 11111 11111 01001 01001 10010 01000 00101 11111 11111 11111 10010 11111 
110001111110111101010110111011 00100 00000 00010 01000 00000 01010 11111 10000 00001 00000 00000 11111 11011 11111 00011 00000 11111 00010 11111 00000 00100 00010 00000 11111 00001 00000 11111 10111 11111 
110000000000100000011011001010 00001 11111 11111 11010 00000 00010 11111 11010 00010 00000 00001 11111 11111 00001 11111 00011 10001 10000 00010 01010 11111 00010 10000 11111 01000 01000 00100 00000 11111 
